                      13
              7                19
         3        11       17       29
      2     5                           31



                      7
            3                  19
        2       5          17       29
                        11              31



                      13
               7                19
          3        11       17       31
       2      5



                      13
               7                19
          3       11        17       29
       2      5